ID        Name            Quantity        Price
0                         0                0.00
0                         0                0.00
0                         0                0.00
0                         0                0.00
0                         0                0.00
0                         0                0.00
0                         0                0.00
0                         0                0.00
0                         0                0.00
0                         0                0.00
0                         0                0.00
0                         0                0.00
0                         0                0.00
0                         0                0.00
0                         0                0.00
0                         0                0.00
0                         0                0.00
0                         0                0.00
0                         0                0.00
0                         0                0.00
0                         0                0.00
0                         0                0.00
0                         0                0.00
0                         0                0.00
0                         0                0.00
0                         0                0.00
0                         0                0.00
0                         0                0.00
0                         0                0.00
0                         0                0.00
0                         0                0.00
0                         0                0.00
0                         0                0.00
0                         0                0.00
0                         0                0.00
0                         0                0.00
0                         0                0.00
0                         0                0.00
0                         0                0.00
0                         0                0.00
0                         0                0.00
0                         0                0.00
0                         0                0.00
0                         0                0.00
0                         0                0.00
0                         0                0.00
0                         0                0.00
0                         0                0.00
0                         0                0.00
0                         0                0.00
0                         0                0.00
0                         0                0.00
0                         0                0.00
0                         0                0.00
0                         0                0.00
0                         0                0.00
0                         0                0.00
0                         0                0.00
0                         0                0.00
0                         0                0.00
0                         0                0.00
0                         0                0.00
0                         0                0.00
0                         0                0.00
0                         0                0.00
0                         0                0.00
0                         0                0.00
0                         0                0.00
0                         0                0.00
0                         0                0.00
0                         0                0.00
0                         0                0.00
0                         0                0.00
0                         0                0.00
0                         0                0.00
0                         0                0.00
0                         0                0.00
0                         0                0.00
0                         0                0.00
0                         0                0.00
0                         0                0.00
0                         0                0.00
0                         0                0.00
0                         0                0.00
0                         0                0.00
0                         0                0.00
0                         0                0.00
0                         0                0.00
0                         0                0.00
0                         0                0.00
0                         0                0.00
0                         0                0.00
0                         0                0.00
0                         0                0.00
0                         0                0.00
0                         0                0.00
0                         0                0.00
0                         0                0.00
0                         0                0.00
0                         0                0.00
0                         0                0.00
